


library(MASS)
simulation <- function(colnames, N,sd, correlationmatrix, dateiname){
  mu <- numeric(length(sd))
  covMat <- sd %*% t(sd) * correlationmatrix
  data <- mvrnorm(n =250, mu = mu, Sigma = covMat, empirical = TRUE)
  colnames(data) <- colnames
  write.csv(data, dateiname, row.names = FALSE)
  return(data)
}
sds<- c(1.717, 2.015, 2.096, 2.212, 2.132, 2.005, 2.062, 2.156, 1.791)
cor <- matrix(c(1.000, 0.616, 0.315, 0.349, 0.314, 0.418, 0.322, 0.409, 0.318,
                0.616, 1.000, 0.313, 0.332, 0.250, 0.416, 0.313, 0.415, 0.222,
                0.315, 0.313, 1.000, 0.261, 0.270, 0.298, 0.096, 0.189, 0.051,
                0.349, 0.332, 0.261, 1.000, 0.327, 0.328, 0.117, 0.314, 0.115,
                0.314, 0.250, 0.270, 0.327, 1.000, 0.317, 0.130, 0.303, 0.140,
                0.418, 0.416, 0.298, 0.328, 0.317, 1.000, 0.140, 0.281, 0.150,
                0.322, 0.313, 0.096, 0.117, 0.130, 0.140, 1.000, 0.233, 0.217,
                0.409, 0.415, 0.189, 0.314, 0.303, 0.281, 0.233, 1.000, 0.222,
                0.318, 0.222, 0.051, 0.115, 0.140, 0.150, 0.217, 0.222, 1.000 ), nrow=9)

simulation(c("M1", "M2", "M3", "M4", "M5", "M6", "M7", "M8", "M9"),
           375,sd=sds, cor, "case21_female.csv" )
