sd <- c(3.40, 2.40, 2.90, 2.70, 2.70, 4.20, 2.80, 3.00)
corr<- matrix(c(1.00, 0.39,0.35,0.21,0.32,0.4,0.39,0.39,
.39, 1.00, 0.67, 0.11,0.27,0.29,0.32,0.29,
.35,  .67, 1.00, 0.16,0.29,0.28,0.30,0.37,
.21,  .11,  .16, 1.00, 0.38, 0.3, 0.31, 0.42,
.32,  .27,  .29,  .38, 1.00, 0.47, 0.42, 0.58,
.40,  .29,  .28,  .30,  .47, 1.00, 0.41, 0.51,
.39,  .32,  .30,  .31,  .42,  .41, 1.00, 0.42,
.39,  .29,  .37,  .42,  .58,  .51,  .42, 1.00), nrow= 8)
colnames <- c("handmov", "numbrec", "wordord", "gesclos", "triangle", "spatmem", "matanalg", "photser")

simulation(colnames,200, sd, corr,"case5.csv" )
