#alcohol-drinking motives:
colnames <- c("x1","x2","x3","x4","x5","x6","x7","x8","x9","x10","x11","x12")
corr <- matrix(data=c(1.000,0.3,0.229,0.411,0.172,0.214,0.200,0.185,0.134,0.134,0.160,0.087,
0.300, 1.000,0.261,0.406,0.252,0.268,0.214,0.23,0.146,0.099,0.131,0.088,
0.229, 0.261, 1.000,0.429,0.218,0.267,0.241,0.185,0.108,0.061,0.158,0.101,
0.411, 0.406, 0.429, 1.000,0.481,0.579,0.543,0.545,0.186,0.223,0.161,0.198,
0.172, 0.252, 0.218, 0.481, 1.000,0.484,0.426,0.463,0.122,0.133,0.044,0.077,
0.214, 0.268, 0.267, 0.579, 0.484, 1.000,0.492,0.548,0.131,0.188,0.124,0.177,
0.200, 0.214, 0.241, 0.543, 0.426, 0.492, 1.000,0.522,0.108,0.105,0.066,0.128,
0.185, 0.230, 0.185, 0.545, 0.463, 0.548, 0.522, 1.000,0.151,0.17,0.061,0.112,
0.134, 0.146, 0.108, 0.186, 0.122, 0.131, 0.108, 0.151, 1.000,0.448,0.37,0.356,
0.134, 0.099, 0.061, 0.223, 0.133, 0.188, 0.105, 0.170, 0.448, 1.000,0.35,0.359,
0.160, 0.131, 0.158, 0.161, 0.044, 0.124, 0.066, 0.061, 0.370, 0.350, 1.000,0.507,
0.087, 0.088, 0.101, 0.198, 0.077, 0.177, 0.128, 0.112, 0.356, 0.359, 0.507, 1.000), nrow=12)  
sd=c(2.06, 1.52, 1.92, 1.41, 1.73, 1.77, 2.49, 2.27, 2.68, 1.75, 2.57, 2.66 )
simulation(colnames,500, sd, corr,"alcohol.csv" )
 